        TIME MONTH         TEMP     CO2eq      SOLAR     VOLCANIC
1   1866.042     1  0.704206832 -1.128994 -1.0654622 -0.273115953
2   1866.125     2 -2.216683934 -1.128994 -1.0654622 -0.281954016
3   1866.208     3 -2.159372816 -1.128994 -1.0654622 -0.289389885
4   1866.292     4 -0.730547360 -1.128994 -1.0654622 -0.296825755
5   1866.375     5 -0.400514371 -1.128994 -1.0654622 -0.303199358
6   1866.458     6 -0.714737397 -1.128994 -1.0654622 -0.310295302
7   1866.542     7  0.512511024 -1.128994 -1.0654622 -0.315606637
8   1866.625     8 -0.289844626 -1.128994 -1.0654622 -0.320578047
9   1866.708     9 -0.481540434 -1.128994 -1.0654622 -0.325506967
10  1866.792    10 -1.582309147 -1.128994 -1.0654622 -0.370504601
11  1866.875    11 -0.580352707 -1.128994 -1.0654622 -0.380404931
12  1866.958    12  0.830686540 -1.128994 -1.0654622 -0.380404931
13  1867.042     1 -0.394585635 -1.124530 -1.2060231 -0.380404931
14  1867.125     2 -1.042794140 -1.124530 -1.2060231 -0.380404931
15  1867.208     3 -1.955819535 -1.124530 -1.2060231 -0.380404931
16  1867.292     4 -0.202889827 -1.124530 -1.2060231 -0.380404931
17  1867.375     5 -1.183107567 -1.124530 -1.2060231 -0.380404931
18  1867.458     6 -0.064552646 -1.124530 -1.2060231 -0.380404931
19  1867.542     7 -0.141626218 -1.124530 -1.2060231 -0.380404931
20  1867.625     8 -0.301702099 -1.124530 -1.2060231 -0.380404931
21  1867.708     9 -0.098148818 -1.124530 -1.2060231 -0.380404931
22  1867.792    10 -0.246367227 -1.124530 -1.2060231 -0.380404931
23  1867.875    11  1.184434475 -1.124530 -1.2060231 -0.380404931
24  1867.958    12  0.496701060 -1.124530 -1.2060231 -0.380404931
25  1868.042     1 -1.052675368 -1.119393 -0.7759930 -0.380404931
26  1868.125     2 -2.135657871 -1.119393 -0.7759930 -0.380404931
27  1868.208     3 -1.685073910 -1.119393 -0.7759930 -0.380404931
28  1868.292     4 -0.169293654 -1.119393 -0.7759930 -0.380404931
29  1868.375     5  0.261527852 -1.119393 -0.7759930 -0.380404931
30  1868.458     6 -0.040837700 -1.119393 -0.7759930 -0.380404931
31  1868.542     7  0.508558533 -1.119393 -0.7759930 -0.380404931
32  1868.625     8  0.077737026 -1.119393 -0.7759930 -0.380404931
33  1868.708     9 -0.635687579 -1.119393 -0.7759930 -0.380404931
34  1868.792    10  0.004615945 -1.119393 -0.7759930 -0.380404931
35  1868.875    11 -2.100085453 -1.119393 -0.7759930 -0.380404931
36  1868.958    12 -0.734499851 -1.119393 -0.7759930 -0.380404931
37  1869.042     1 -0.394585635 -1.113557 -0.1396992 -0.380404931
38  1869.125     2  1.227911874 -1.113557 -0.1396992 -0.380404931
39  1869.208     3 -1.928152099 -1.113557 -0.1396992 -0.380404931
40  1869.292     4 -0.645568806 -1.113557 -0.1396992 -0.380404931
41  1869.375     5  0.498677306 -1.113557 -0.1396992 -0.380404931
42  1869.458     6  0.229907925 -1.113557 -0.1396992 -0.380404931
43  1869.542     7  0.127143162 -1.113557 -0.1396992 -0.380404931
44  1869.625     8  0.220026698 -1.113557 -0.1396992 -0.380404931
45  1869.708     9  0.407770015 -1.113557 -0.1396992 -0.380404931
46  1869.792    10 -0.724618624 -1.113557 -0.1396992 -0.380404931
47  1869.875    11 -1.026984177 -1.113557 -0.1396992 -0.380404931
48  1869.958    12 -2.236446388 -1.113557 -0.1396992 -0.380404931
49  1870.042     1 -1.056627859 -1.107641  0.5030572 -0.380404931
50  1870.125     2 -2.293757506 -1.107641  0.5030572 -0.380404931
51  1870.208     3 -1.647525246 -1.107641  0.5030572 -0.380404931
52  1870.292     4 -0.643592561 -1.107641  0.5030572 -0.380404931
53  1870.375     5  0.484843588 -1.107641  0.5030572 -0.380404931
54  1870.458     6  0.803019104 -1.107641  0.5030572 -0.380404931
55  1870.542     7  0.714088059 -1.107641  0.5030572 -0.380404931
56  1870.625     8 -0.491421662 -1.107641  0.5030572 -0.380404931
57  1870.708     9  0.105404462 -1.107641  0.5030572 -0.380404931
58  1870.792    10 -0.748333569 -1.107641  0.5030572 -0.380404931
59  1870.875    11 -1.382708357 -1.107641  0.5030572 -0.380404931
60  1870.958    12 -3.181091710 -1.107641  0.5030572 -0.380404931
61  1871.042     1 -1.973605744 -1.101186  0.3412237 -0.380404931
62  1871.125     2 -2.560550641 -1.101186  0.3412237 -0.380404931
63  1871.208     3 -0.932124396 -1.101186  0.3412237 -0.380404931
64  1871.292     4  0.299076516 -1.101186  0.3412237 -0.380404931
65  1871.375     5 -0.732523606 -1.101186  0.3412237 -0.380404931
66  1871.458     6 -0.633711334 -1.101186  0.3412237 -0.380404931
67  1871.542     7  0.127143162 -1.101186  0.3412237 -0.380404931
68  1871.625     8  0.382078824 -1.101186  0.3412237 -0.380404931
69  1871.708     9 -0.578376461 -1.101186  0.3412237 -0.380404931
70  1871.792    10 -0.376799426 -1.101186  0.3412237 -0.380404931
71  1871.875    11 -2.517073241 -1.101186  0.3412237 -0.380404931
72  1871.958    12 -1.641596510 -1.101186  0.3412237 -0.380404931
73  1872.042     1 -1.400494566 -1.094113  0.2154728 -0.380404931
74  1872.125     2 -1.884674699 -1.094113  0.2154728 -0.380404931
75  1872.208     3 -1.244371176 -1.094113  0.2154728 -0.380404931
76  1872.292     4 -1.046746631 -1.094113  0.2154728 -0.380404931
77  1872.375     5  0.097499481 -1.094113  0.2154728 -0.380404931
78  1872.458     6 -0.424229317 -1.094113  0.2154728 -0.380404931
79  1872.542     7  0.044140854 -1.094113  0.2154728 -0.380404931
80  1872.625     8  0.295124025 -1.094113  0.2154728 -0.380404931
81  1872.708     9  0.055998326 -1.094113  0.2154728 -0.380404931
82  1872.792    10 -0.319488308 -1.094113  0.2154728 -0.341440973
83  1872.875    11 -2.100085453 -1.094113  0.2154728 -0.160175715
84  1872.958    12 -2.331306170 -1.094113  0.2154728 -0.005424644
85  1873.042     1 -1.232513703 -1.086234 -0.3257673  0.123109675
86  1873.125     2 -0.457825489 -1.086234 -0.3257673  0.135856880
87  1873.208     3 -1.301682294 -1.086234 -0.3257673  0.128760936
88  1873.292     4 -1.831316072 -1.086234 -0.3257673  0.075647581
89  1873.375     5 -0.189056109 -1.086234 -0.3257673  0.022194301
90  1873.458     6  0.137024389 -1.086234 -0.3257673 -0.025267793
91  1873.542     7  0.040188363 -1.086234 -0.3257673 -0.067036136
92  1873.625     8  0.101451971 -1.086234 -0.3257673 -0.103875559
93  1873.708     9 -0.916314432 -1.086234 -0.3257673 -0.136423423
94  1873.792    10 -0.088267591 -1.086234 -0.3257673 -0.165104635
95  1873.875    11 -1.011174213 -1.086234 -0.3257673 -0.190259120
96  1873.958    12 -0.240438490 -1.086234 -0.3257673 -0.212566729
97  1874.042     1  0.048093344 -1.076982 -0.6715148 -0.232409878
98  1874.125     2 -0.509207871 -1.076982 -0.6715148 -0.249746077
99  1874.208     3 -2.390593533 -1.076982 -0.6715148 -0.265340158
100 1874.292     4 -0.080362609 -1.076982 -0.6715148 -0.278427289
101 1874.375     5  0.352435143 -1.076982 -0.6715148 -0.290834569
102 1874.458     6  0.044140854 -1.076982 -0.6715148 -0.300734898
103 1874.542     7 -0.291820872 -1.076982 -0.6715148 -0.310295302
104 1874.625     8  0.257575362 -1.076982 -0.6715148 -0.318453513
105 1874.708     9  0.465081133 -1.076982 -0.6715148 -0.326229308
106 1874.792    10 -0.262177190 -1.076982 -0.6715148 -0.332602911
107 1874.875    11 -1.028960422 -1.076982 -0.6715148 -0.337914247
108 1874.958    12 -0.673236242 -1.076982 -0.6715148 -0.342885657
109 1875.042     1 -1.971629499 -1.066951 -1.0719248 -0.174325113
110 1875.125     2 -1.795743654 -1.066951 -1.0719248 -0.009673712
111 1875.208     3 -1.983486972 -1.066951 -1.0719248  0.154255347
             SO         NAO       AMO
1   -0.48395589  1.13587045 0.5136219
2   -0.04393884  0.34566843 0.5136219
3   -0.48395589 -1.28121810 0.5136219
4   -0.51035691 -0.57236040 0.5136219
5    0.09686661 -0.95584079 0.5136219
6   -0.65996271 -0.16563877 0.5136219
7   -0.23754634  0.10744576 0.5136219
8    0.37847752  0.38634059 0.5136219
9   -0.09674089  0.82211376 0.5136219
10   0.12326763 -0.07848413 0.5136219
11   1.02970275  0.52578800 0.5136219
12  -0.07914021  1.18235292 0.5136219
13   0.14086831 -1.32189026 0.7368415
14   0.05286491  2.04808896 0.7368415
15  -0.01753782 -1.82157683 0.7368415
16   0.79209354  1.72852197 0.7368415
17   0.50168229 -1.42647582 0.7368415
18  -0.36075112 -0.75829029 0.7368415
19   0.44888025 -1.08947790 0.7368415
20   0.36087684  1.74014259 0.7368415
21   0.16726934  0.59551171 0.7368415
22  -0.43115384  0.36309935 0.7368415
23  -0.51035691 -0.93840987 0.7368415
24  -0.72156509 -0.38062020 0.7368415
25  -0.07914021  0.78725191 0.8618061
26  -0.23754634  2.23401885 0.8618061
27  -1.31118794  1.64717764 0.8618061
28   0.32567547  1.40314466 0.8618061
29  -1.11758044  0.72333851 0.8618061
30  -1.87440975  1.15911169 0.8618061
31  -0.29034839  0.64199418 0.8618061
32  -1.17918282  1.69366011 0.8618061
33  -1.02077669 -1.60078509 0.8618061
34  -1.02957703  1.02547458 0.8618061
35  -1.24958555 -0.54330885 0.8618061
36   0.51928297  1.10681890 0.8618061
37  -1.61039953  1.82729722 0.7988809
38  -0.16714362  2.20496731 0.7988809
39  -0.45755487 -1.17082223 0.7988809
40   1.92733752  1.46124775 0.7988809
41   1.29371297 -1.21149439 0.7988809
42   1.40811740 -0.47358514 0.7988809
43   1.31131365  0.10744576 0.7988809
44   0.88889729  0.60713233 0.7988809
45   0.16726934  0.29918595 0.7988809
46   0.80969422 -0.52006762 0.7988809
47   0.55448434  0.39796121 0.7988809
48   0.43127956 -0.46196453 0.7988809
49   0.99450138  0.12487668 0.6978312
50   0.22007138 -1.21149439 0.6978312
51  -0.59836032 -1.26378717 0.6978312
52   0.47528127  1.63555702 0.6978312
53  -0.03513850  0.83954469 0.6978312
54  -0.90637225  0.26432410 0.6978312
55   0.21127104 -0.27022433 0.6978312
56   0.92409865 -2.04236858 0.6978312
57   0.06166525  0.93250963 0.6978312
58  -0.44875453  0.69428697 0.6978312
59  -0.69516407 -1.24635624 0.6978312
60  -1.07357873 -2.10628198 0.6978312
61  -0.93277328  0.32823750 0.5262894
62  -0.05273919  0.93250963 0.5262894
63  -1.69840294  0.60713233 0.5262894
64  -0.34315044 -0.24698309 0.5262894
65  -0.35195078 -1.51363046 0.5262894
66   0.27287343 -0.85706554 0.5262894
67   0.33447581  0.95575087 0.5262894
68   0.39607820  2.37346627 0.5262894
69   0.57208502 -1.18244284 0.5262894
70  -0.06153953 -0.57817071 0.5262894
71   0.04406456 -2.22248816 0.5262894
72   0.91529831 -0.16563877 0.5262894
73   2.42895695  0.60713233 0.6027677
74   1.04730343  0.20041070 0.6027677
75   1.54892286 -0.75829029 0.6027677
76  -0.41355316 -0.48520576 0.6027677
77   1.24971127 -0.04943259 0.6027677
78   2.21774877 -0.25860371 0.6027677
79   2.08574365 -2.15857476 0.6027677
80   0.93289900 -0.89192739 0.6027677
81   2.82497229 -1.53106138 0.6027677
82   1.73373002 -0.58979132 0.6027677
83   2.78097059  0.32823750 0.6027677
84   2.52576070 -0.69437689 0.6027677
85   2.23534945  1.27531787 0.8310727
86   1.04730343  0.04353236 0.8310727
87   1.49612081 -0.28765526 0.8310727
88   2.07694331 -1.32189026 0.8310727
89   1.10890581 -0.60141194 0.8310727
90  -2.65764009  0.39215090 0.8310727
91  -0.94157362 -0.13077691 0.8310727
92  -0.45755487  1.93769309 0.8310727
93  -1.81280737 -0.39224082 0.8310727
94  -1.50479544 -0.53168823 0.8310727
95  -0.25514703 -1.35675211 0.8310727
96   1.23211059  1.10681890 0.8310727
97   0.85369593  0.84535500 0.8544300
98  -0.18474430  1.14168076 0.8544300
99  -0.39595248  0.79306222 0.8544300
100  0.92409865  1.67622919 0.8544300
101  1.19690922 -1.13596037 0.8544300
102 -1.62800021 -0.50263669 0.8544300
103 -0.06153953  0.04353236 0.8544300
104  0.72169081  0.41539213 0.8544300
105  1.84813445  0.36890966 0.8544300
106  1.98893990  0.43863337 0.8544300
107  0.52808331 -0.25860371 0.8544300
108  1.18810888 -1.29283871 0.8544300
109  0.63368740  1.13587045 0.8886605
110 -0.03513850 -0.91516863 0.8886605
111 -0.81836884 -0.41548205 0.8886605
 [ reached 'max' / getOption("max.print") -- omitted 1569 rows ]
